coral_id	ltms_id
1334	27
1360	27
1361	27
1362	27
1367	27
1368	27
1369	27
1370	27
1473	27
1474	27
1475	27
1491	27
1519	27
2363	27
2377	27
2379	27
2430	27
1333	27
1335	27
1336	27
1337	27
1338	27
1339	27
1340	27
1343	27
1344	27
1345	27
1347	27
1348	27
1349	27
1350	27
1351	27
1353	27
1354	27
1355	27
1356	27
1357	27
1358	27
1359	27
1364	27
1365	27
1366	27
1371	27
1384	27
1385	27
1386	27
1387	27
1389	27
1402	27
1403	27
1404	27
1405	27
1417	27
1418	27
1423	27
1424	27
1432	27
1433	27
1434	27
1435	27
1436	27
1437	27
1438	27
1441	27
1442	27
1448	27
1450	27
1452	27
1455	27
1456	27
1463	27
1465	27
1468	27
1469	27
1470	27
1471	27
1472	27
1476	27
1477	27
1478	27
1480	27
1481	27
1482	27
1483	27
1484	27
1485	27
1486	27
1487	27
1489	27
1490	27
1492	27
1493	27
1497	27
1498	27
1499	27
1500	27
1501	27
1502	27
1503	27
1504	27
1506	27
1508	27
1509	27
1510	27
1511	27
1512	27
1514	27
1515	27
1516	27
1517	27
1518	27
1520	27
1521	27
1522	27
1523	27
1524	27
1525	27
1526	27
1870	27
2060	27
2082	27
2120	27
2121	27
2210	27
2211	27
2236	27
2353	27
2354	27
2355	27
2362	27
2364	27
2368	27
2369	27
2370	27
2371	27
2376	27
2378	27
2380	27
2387	27
2388	27
2389	27
2428	27
2431	27
2445	27
2446	27
2448	27
2450	27
2457	27
2462	27
2468	27
2475	27
2478	27
2479	27
2482	27
2487	27
2491	27
2496	27
2500	27
2501	27
2502	27
2503	27
2516	27
2517	27
2518	27
2533	27
2553	27
2554	27
2564	27
2565	27
2578	27
2579	27
2580	27
2588	27
2589	27
2594	27
2595	27
2596	27
2603	27
1752	16
1447	16
1727	16
1754	16
1755	16
1758	16
1776	16
1777	16
1778	16
1794	16
1795	16
1796	16
1797	16
1798	16
1799	16
1816	16
1818	16
1819	16
1761	25
1762	25
1763	25
1779	25
976	25
1709	25
1710	25
1729	25
1730	25
1731	25
1732	25
1733	25
1756	25
1757	25
1759	25
1760	25
1764	25
1780	25
1781	25
1782	25
1783	25
1784	25
1785	25
1820	25
1834	25
1835	25
1836	25
1837	25
2356	28
2357	28
2390	28
2391	28
2410	28
2474	28
2485	28
1961	28
1962	28
1963	28
1964	28
1986	28
1987	28
1988	28
1989	28
2143	28
2144	28
2145	28
2165	28
2166	28
2167	28
2168	28
2169	28
2170	28
2171	28
2172	28
2192	28
2196	28
2198	28
2223	28
2224	28
2225	28
2226	28
2227	28
2247	28
2249	28
2276	28
2277	28
2278	28
2279	28
2313	28
2314	28
2315	28
2316	28
2317	28
2344	28
2345	28
2346	28
2347	28
2348	28
2358	28
2359	28
2360	28
2361	28
2393	28
2394	28
2411	28
2412	28
2413	28
2414	28
2429	28
2447	28
2449	28
2469	28
2470	28
2471	28
2473	28
2483	28
2484	28
2486	28
2497	28
2498	28
2499	28
2511	28
2512	28
2513	28
2514	28
2515	28
2527	28
2528	28
2529	28
2531	28
2532	28
2547	28
2548	28
2549	28
2550	28
2551	28
2552	28
2561	28
2562	28
2563	28
2572	28
2573	28
2574	28
2577	28
2590	28
2591	28
2592	28
2593	28
2615	28
2616	28
2617	28
2618	28
2619	28
2664	28
2665	28
2666	28
2683	28
2684	28
2685	28
2687	28
2688	28
2709	28
2730	28
2731	28
2732	28
2733	28
2734	28
2774	28
2781	28
2981	28
2982	28
2983	28
3006	28
3007	28
3008	28
3009	28
3010	28
3011	28
3023	28
3024	28
3025	28
3026	28
3027	28
3047	28
3048	28
3064	28
3065	28
3066	28
3079	28
3085	28
3087	28
3088	28
3089	28
3103	28
3104	28
3105	28
3106	28
3107	28
3108	28
3109	28
3121	28
3122	28
3123	28
3124	28
3125	28
3126	28
3143	28
3144	28
3145	28
3146	28
3147	28
3162	28
3163	28
3164	28
3165	28
3166	28
3167	28
3168	28
3186	28
3187	28
3188	28
3189	28
3190	28
3191	28
3209	28
3210	28
3211	28
3212	28
3213	28
3214	28
3230	28
3231	28
3232	28
3233	28
3234	28
3235	28
3236	28
3252	28
3253	28
3254	28
3255	28
3256	28
3257	28
3277	28
3278	28
3279	28
3280	28
3281	28
3300	28
3301	28
3302	28
3303	28
3326	28
3352	28
3353	28
3354	28
3355	28
3521	28
3525	28
3588	28
3589	28
3590	28
3614	28
3615	28
3616	28
3617	28
3618	28
3631	28
3632	28
3633	28
3634	28
3635	28
3636	28
3656	28
3657	28
3658	28
3659	28
3660	28
3676	28
3677	28
3678	28
3692	28
3693	28
3694	28
3695	28
3706	28
3707	28
3708	28
3709	28
3710	28
3729	28
3730	28
3731	28
3748	28
3749	28
3751	28
3764	28
3765	28
3766	28
3767	28
3778	28
3780	28
3791	28
3792	28
1	11
5	11
6	11
7	11
8	11
11	11
13	11
22	11
23	11
24	11
25	11
26	11
27	11
40	11
43	11
45	11
54	11
55	11
56	11
57	11
62	11
64	11
65	11
69	11
107	11
133	11
134	11
143	11
147	11
148	11
159	11
160	11
161	11
171	11
172	11
173	11
174	11
175	11
176	11
177	11
180	11
182	11
183	11
184	11
185	11
189	11
190	11
203	11
204	11
205	11
206	11
207	11
265	11
284	11
286	11
287	11
291	11
302	11
303	11
304	11
305	11
306	11
307	11
310	11
311	11
314	11
315	11
316	11
317	11
319	11
323	11
324	11
325	11
326	11
336	11
337	11
389	11
390	11
425	11
426	11
488	11
489	11
491	11
494	11
495	11
496	11
516	11
517	11
518	11
521	11
525	11
526	11
532	11
535	11
610	11
613	11
614	11
623	11
3385	11
3391	11
3393	11
3397	11
3398	11
3400	11
3401	11
3402	11
3403	11
3405	11
3416	11
3417	11
3418	11
3419	11
3420	11
3422	11
3429	11
3440	11
3454	11
3467	11
3489	11
3491	11
3506	11
3507	11
3508	11
3510	11
3	20
9	20
10	20
12	20
14	20
15	20
17	20
20	20
21	20
29	20
37	20
38	20
39	20
137	20
138	20
139	20
140	20
141	20
288	20
289	20
292	20
294	20
295	20
296	20
298	20
299	20
301	20
333	20
335	20
339	20
340	20
341	20
347	20
348	20
349	20
350	20
352	20
519	20
527	20
578	20
579	20
583	20
585	20
586	20
587	20
627	20
3380	20
3381	20
3383	20
3395	20
3399	20
3410	20
3427	20
3428	20
3435	20
3436	20
3448	20
3456	20
3457	20
3458	20
3460	20
3462	20
3468	20
3479	20
3481	20
3484	20
3493	20
3494	20
3496	20
3498	20
3500	20
3504	20
3505	20
3511	20
3512	20
3513	20
30	0
33	0
34	0
36	0
41	0
42	0
44	0
46	0
47	0
48	0
49	0
50	0
51	0
52	0
53	0
58	0
59	0
60	0
61	0
66	0
67	0
68	0
70	0
71	0
72	0
73	0
74	0
75	0
76	0
77	0
78	0
80	0
81	0
82	0
83	0
84	0
85	0
90	0
91	0
92	0
97	0
98	0
99	0
100	0
101	0
102	0
103	0
104	0
105	0
109	0
110	0
111	0
112	0
113	0
114	0
115	0
117	0
119	0
120	0
122	0
124	0
125	0
126	0
127	0
128	0
129	0
130	0
131	0
132	0
150	0
151	0
152	0
153	0
154	0
155	0
156	0
157	0
158	0
162	0
163	0
164	0
165	0
166	0
167	0
168	0
169	0
170	0
178	0
179	0
181	0
186	0
187	0
188	0
191	0
192	0
193	0
194	0
195	0
196	0
197	0
198	0
201	0
202	0
208	0
209	0
210	0
211	0
212	0
213	0
214	0
215	0
216	0
217	0
218	0
219	0
220	0
221	0
222	0
223	0
224	0
225	0
226	0
227	0
228	0
229	0
230	0
232	0
233	0
234	0
235	0
237	0
238	0
239	0
240	0
241	0
242	0
243	0
244	0
245	0
246	0
247	0
248	0
249	0
250	0
251	0
252	0
253	0
254	0
255	0
256	0
257	0
258	0
259	0
260	0
261	0
262	0
263	0
264	0
267	0
269	0
270	0
272	0
273	0
274	0
275	0
276	0
277	0
278	0
318	0
321	0
328	0
329	0
330	0
331	0
353	0
354	0
355	0
356	0
357	0
358	0
359	0
360	0
361	0
362	0
363	0
364	0
365	0
366	0
367	0
368	0
369	0
370	0
371	0
372	0
373	0
374	0
375	0
376	0
381	0
391	0
392	0
393	0
394	0
395	0
396	0
397	0
398	0
399	0
400	0
401	0
402	0
403	0
404	0
405	0
406	0
407	0
408	0
409	0
410	0
411	0
412	0
413	0
414	0
415	0
416	0
417	0
418	0
420	0
421	0
427	0
428	0
429	0
430	0
431	0
432	0
433	0
434	0
435	0
436	0
437	0
438	0
439	0
442	0
443	0
444	0
445	0
446	0
447	0
448	0
449	0
450	0
451	0
452	0
453	0
454	0
455	0
456	0
457	0
458	0
461	0
462	0
465	0
466	0
467	0
468	0
470	0
472	0
473	0
474	0
475	0
477	0
478	0
479	0
480	0
481	0
482	0
483	0
484	0
485	0
492	0
493	0
498	0
499	0
501	0
502	0
503	0
506	0
510	0
512	0
536	0
537	0
540	0
541	0
542	0
544	0
545	0
548	0
551	0
556	0
559	0
561	0
562	0
563	0
564	0
565	0
567	0
569	0
570	0
588	0
591	0
611	0
616	0
617	0
618	0
640	0
642	0
643	0
645	0
3376	0
3377	0
3378	0
3379	0
3382	0
3384	0
3386	0
3387	0
3388	0
3389	0
3390	0
3392	0
3394	0
3396	0
3404	0
3406	0
3407	0
3408	0
3409	0
3411	0
3412	0
3413	0
3414	0
3415	0
3421	0
3423	0
3424	0
3425	0
3430	0
3431	0
3432	0
3433	0
3439	0
3441	0
3449	0
3450	0
3451	0
3452	0
3453	0
3463	0
3464	0
3465	0
3466	0
3469	0
3470	0
3471	0
3472	0
3474	0
3475	0
3477	0
3478	0
3480	0
3482	0
3483	0
3488	0
3490	0
3492	0
3495	0
3497	0
3499	0
3501	0
3502	0
3503	0
3509	0
3514	0
593	1
599	1
604	1
628	1
634	1
646	1
653	1
654	1
655	1
656	1
662	1
670	1
680	1
682	1
1080	1
1081	1
1082	1
1083	1
1098	1
1103	1
1105	1
1148	1
1149	1
1150	1
1152	1
1189	1
1197	1
1227	1
1230	1
1256	1
1286	1
1299	1
1300	1
1301	1
1320	1
1325	1
595	21
601	21
636	21
648	21
658	21
677	21
1017	21
1019	21
1077	21
1099	21
1102	21
1124	21
1125	21
1126	21
1127	21
1129	21
1130	21
1164	21
1169	21
1170	21
1171	21
1177	21
1178	21
1180	21
1212	21
1213	21
1214	21
1215	21
1231	21
1232	21
1233	21
1234	21
1236	21
1257	21
1258	21
1259	21
1260	21
1261	21
1262	21
1287	21
1304	21
1305	21
1306	21
1321	21
1322	21
1323	21
1326	21
596	12
602	12
631	12
633	12
637	12
639	12
650	12
652	12
669	12
671	12
672	12
673	12
1014	12
1016	12
1018	12
1079	12
1100	12
1134	12
1144	12
1145	12
1151	12
1166	12
1167	12
1168	12
1174	12
1176	12
1193	12
1200	12
1211	12
1254	12
1255	12
1303	12
1319	12
683	4
684	4
694	4
695	4
696	4
697	4
698	4
699	4
700	4
701	4
702	4
703	4
712	4
713	4
720	4
721	4
722	4
723	4
724	4
725	4
739	4
740	4
741	4
742	4
743	4
744	4
745	4
766	4
767	4
768	4
769	4
770	4
771	4
788	4
789	4
792	4
803	4
824	4
842	4
861	4
862	4
863	4
864	4
865	4
879	4
880	4
881	4
884	4
885	4
887	4
888	4
889	4
890	4
891	4
898	4
899	4
900	4
901	4
902	4
903	4
904	4
905	4
918	4
921	4
922	4
923	4
935	4
936	4
967	4
970	4
971	4
688	3
689	3
690	3
691	3
692	3
693	3
708	3
709	3
710	3
729	3
730	3
732	3
734	3
752	3
758	3
759	3
777	3
778	3
779	3
780	3
781	3
857	3
871	3
872	3
894	3
906	3
910	3
916	3
931	3
932	3
933	3
934	3
946	3
947	3
948	3
950	3
961	3
963	3
964	3
965	3
977	3
978	3
979	3
980	3
981	3
982	3
983	3
984	3
985	3
3485	3
704	5
705	5
706	5
707	5
726	5
727	5
728	5
746	5
747	5
748	5
749	5
750	5
751	5
1554	5
1555	5
1556	5
1557	5
1558	5
1559	5
1586	5
1588	5
1589	5
1590	5
1591	5
1592	5
1616	5
1618	5
1620	5
1655	5
1656	5
1659	5
1670	5
1671	5
1673	5
1674	5
1675	5
1676	5
1677	5
1678	5
1680	5
1681	5
1697	5
1698	5
1699	5
1700	5
1701	5
1702	5
1703	5
1707	5
1708	5
1724	5
1725	5
1726	5
1838	5
1839	5
1857	5
1858	5
1859	5
1860	5
1861	5
1862	5
1863	5
1864	5
1881	5
1882	5
1883	5
1884	5
1885	5
1886	5
1905	5
1906	5
1907	5
1908	5
1909	5
1910	5
1911	5
1930	5
1931	5
1932	5
1933	5
1934	5
1935	5
1936	5
711	14
835	14
892	14
716	23
853	23
875	23
876	23
943	23
773	13
774	13
793	13
794	13
848	13
850	13
1000	13
1020	13
1022	13
1024	13
1030	13
1033	13
1045	13
1049	13
1050	13
1061	13
1062	13
1068	13
1071	13
1073	13
1075	13
1085	13
1087	13
1090	13
1112	13
1182	13
1186	13
1187	13
1191	13
1192	13
1202	13
1204	13
1205	13
1221	13
1235	13
1244	13
1245	13
1264	13
1266	13
1289	13
1290	13
1293	13
1328	13
1332	13
776	22
987	22
988	22
989	22
1003	22
1007	22
1028	22
1031	22
1032	22
1048	22
1051	22
1052	22
1054	22
1055	22
1056	22
1070	22
1088	22
1089	22
1110	22
1203	22
1217	22
1219	22
1224	22
1237	22
1238	22
1239	22
1240	22
1241	22
1242	22
1243	22
1246	22
1247	22
1267	22
1270	22
1271	22
804	24
805	24
806	24
823	24
844	24
845	24
846	24
920	24
939	24
940	24
941	24
942	24
953	24
955	24
956	24
972	24
973	24
810	2
813	2
814	2
815	2
816	2
829	2
830	2
831	2
832	2
834	2
849	2
851	2
912	2
913	2
992	2
993	2
994	2
1008	2
1009	2
1010	2
1011	2
1013	2
1021	2
1034	2
1036	2
1037	2
1046	2
1116	2
1117	2
1118	2
1119	2
1120	2
1121	2
1136	2
1139	2
1140	2
1142	2
1143	2
1154	2
1157	2
1158	2
1159	2
1162	2
1183	2
1188	2
1249	2
1251	2
1252	2
1273	2
1274	2
1276	2
1277	2
1278	2
1279	2
1281	2
1282	2
1283	2
1291	2
1292	2
1294	2
1295	2
1297	2
1310	2
1311	2
1312	2
1313	2
1314	2
1315	2
1316	2
1317	2
1331	2
937	15
951	15
952	15
1372	7
1373	7
1374	7
1411	7
1426	7
1427	7
1428	7
1429	7
1530	7
1531	7
1532	7
1533	7
1534	7
1535	7
1536	7
1537	7
1538	7
1539	7
1540	7
1541	7
1551	7
1552	7
1553	7
1569	7
1570	7
1571	7
1572	7
1573	7
1574	7
1575	7
1576	7
1578	7
1580	7
1581	7
1582	7
1583	7
1584	7
1585	7
1600	7
1601	7
1602	7
1603	7
1604	7
1605	7
1606	7
1607	7
1608	7
1609	7
1610	7
1611	7
1612	7
1613	7
1614	7
1615	7
1632	7
1633	7
1634	7
1635	7
1636	7
1637	7
1638	7
1639	7
1640	7
1641	7
1642	7
1643	7
1644	7
1645	7
1646	7
1647	7
1648	7
1649	7
1650	7
1651	7
1664	7
1665	7
1666	7
1667	7
1668	7
1669	7
1689	7
1690	7
1691	7
1692	7
1693	7
1694	7
1695	7
1696	7
1717	7
1718	7
1719	7
1720	7
1721	7
1722	7
1723	7
1743	7
1744	7
1745	7
1746	7
1747	7
1748	7
1749	7
1750	7
1751	7
1769	7
1771	7
1772	7
1773	7
1774	7
1775	7
1788	7
1789	7
1790	7
1791	7
1792	7
1793	7
1807	7
1811	7
1812	7
1813	7
1814	7
1815	7
1830	7
1831	7
1832	7
1833	7
1853	7
1854	7
1855	7
1856	7
1874	7
1875	7
1876	7
1895	7
1896	7
1897	7
1898	7
1899	7
1915	7
1916	7
1917	7
1918	7
1919	7
1920	7
1921	7
1922	7
1944	7
1945	7
1946	7
1947	7
1948	7
2300	7
2381	7
2396	7
2597	7
1376	8
1377	8
1378	8
1379	8
1380	8
1542	8
1543	8
1544	8
1545	8
1546	8
1547	8
1548	8
1549	8
1550	8
1878	8
1879	8
1880	8
1900	8
1901	8
1902	8
1903	8
1904	8
1923	8
1924	8
1925	8
1926	8
1927	8
1928	8
1929	8
1949	8
1950	8
1951	8
1952	8
1953	8
1954	8
1955	8
1956	8
1957	8
1958	8
1959	8
1960	8
1965	8
1966	8
1967	8
1968	8
1969	8
1970	8
1971	8
1972	8
1973	8
1990	8
1991	8
1992	8
1993	8
1994	8
1995	8
1996	8
1997	8
1998	8
1999	8
2000	8
2001	8
2002	8
2003	8
2010	8
2011	8
2012	8
2013	8
2014	8
2015	8
2016	8
2017	8
2018	8
2019	8
2020	8
2021	8
2022	8
2023	8
2024	8
2025	8
2026	8
2027	8
2028	8
2029	8
2030	8
2031	8
2032	8
2037	8
2038	8
2039	8
2041	8
2042	8
2043	8
2044	8
2045	8
2046	8
2047	8
2048	8
2049	8
2050	8
2051	8
2052	8
2053	8
2054	8
2055	8
2056	8
2057	8
2058	8
2061	8
2062	8
2063	8
2064	8
2065	8
2066	8
2067	8
2068	8
2069	8
2070	8
2071	8
2072	8
2073	8
2074	8
2075	8
2076	8
2077	8
2078	8
2079	8
2080	8
2081	8
2083	8
2084	8
2085	8
2086	8
2087	8
2088	8
2089	8
2090	8
2091	8
2092	8
2093	8
2094	8
2095	8
2096	8
2097	8
2098	8
2099	8
2100	8
2101	8
2102	8
2103	8
2104	8
2105	8
2106	8
2107	8
2108	8
2109	8
2110	8
2111	8
2112	8
2113	8
2114	8
2115	8
2116	8
2117	8
2118	8
2119	8
2123	8
2124	8
2125	8
2126	8
2127	8
2128	8
2129	8
2130	8
2131	8
2132	8
2133	8
2134	8
2135	8
2136	8
2137	8
2138	8
2139	8
2140	8
2141	8
2142	8
2146	8
2147	8
2148	8
2149	8
2150	8
2156	8
2157	8
2158	8
2159	8
2160	8
2161	8
2162	8
2163	8
2164	8
2173	8
2180	8
2181	8
2182	8
2183	8
2184	8
2185	8
2186	8
2187	8
2188	8
2189	8
2190	8
2191	8
2199	8
2200	8
2201	8
2202	8
2203	8
2204	8
2205	8
2206	8
2207	8
2208	8
2212	8
2213	8
2214	8
2215	8
2216	8
2217	8
2218	8
2219	8
2220	8
2221	8
2222	8
2230	8
2231	8
2232	8
2233	8
2234	8
2235	8
2237	8
2238	8
2239	8
2240	8
2241	8
2242	8
2243	8
2244	8
2245	8
2246	8
2250	8
2251	8
2252	8
2253	8
2254	8
2255	8
2256	8
2257	8
2258	8
2259	8
2260	8
2261	8
2262	8
2263	8
2264	8
2265	8
2266	8
2267	8
2268	8
2269	8
2270	8
2271	8
2272	8
2273	8
2274	8
2275	8
2280	8
2281	8
2282	8
2283	8
2284	8
2285	8
2286	8
2287	8
2288	8
2289	8
2290	8
2291	8
2292	8
2293	8
2294	8
2301	8
2303	8
2304	8
2305	8
2306	8
2307	8
2308	8
2309	8
2310	8
2311	8
2312	8
2318	8
2319	8
2320	8
2321	8
2333	8
2334	8
2335	8
2336	8
2337	8
2338	8
2339	8
2340	8
2341	8
2342	8
2343	8
2349	8
2350	8
2351	8
2352	8
2365	8
2366	8
2367	8
2382	8
2383	8
2384	8
2385	8
2386	8
2401	8
2402	8
2403	8
2404	8
2405	8
2406	8
2407	8
2408	8
2409	8
2418	8
2419	8
2420	8
2421	8
2422	8
2423	8
2424	8
2425	8
2426	8
2427	8
2432	8
2433	8
2434	8
2435	8
2436	8
2437	8
2438	8
2439	8
2440	8
2441	8
2442	8
2443	8
2451	8
2452	8
2453	8
2454	8
2455	8
2463	8
2464	8
2465	8
2466	8
2477	8
2488	8
2489	8
2490	8
2504	8
2505	8
2506	8
2507	8
2508	8
2519	8
2520	8
2521	8
2522	8
2523	8
2524	8
2534	8
2535	8
2536	8
2537	8
2538	8
2539	8
2540	8
2541	8
2542	8
2543	8
2544	8
2545	8
2546	8
2555	8
2556	8
2557	8
2558	8
2559	8
2560	8
2566	8
2567	8
2568	8
2569	8
2581	8
2582	8
2583	8
2584	8
2585	8
2586	8
2587	8
2598	8
2599	8
2600	8
2601	8
2602	8
2764	8
2782	8
2783	8
2784	8
2785	8
2786	8
2787	8
2788	8
2789	8
2811	8
2812	8
2813	8
2814	8
2815	8
2816	8
2818	8
2819	8
2821	8
2822	8
2847	8
2848	8
2849	8
2850	8
2852	8
2860	8
2861	8
2862	8
2863	8
2864	8
2865	8
2866	8
2867	8
2868	8
2889	8
2890	8
2891	8
2892	8
2893	8
2894	8
2895	8
2896	8
2897	8
2923	8
2924	8
2925	8
2926	8
2927	8
2928	8
2929	8
2930	8
2931	8
2932	8
2934	8
2955	8
2956	8
2957	8
3028	8
3029	8
3030	8
3031	8
3032	8
3050	8
3051	8
3067	8
3068	8
3069	8
3070	8
3071	8
3090	8
3091	8
3092	8
3111	8
3112	8
3113	8
3114	8
3115	8
3116	8
3117	8
3127	8
3128	8
3129	8
3130	8
3131	8
3132	8
3133	8
3134	8
3135	8
3136	8
3137	8
3148	8
3149	8
3150	8
3151	8
3152	8
3153	8
3154	8
3155	8
3169	8
3170	8
3171	8
3172	8
3173	8
3174	8
3175	8
3176	8
3177	8
3178	8
3179	8
3192	8
3193	8
3194	8
3195	8
3196	8
3197	8
3198	8
3199	8
3200	8
3201	8
3202	8
3203	8
3215	8
3216	8
3217	8
3218	8
3219	8
3220	8
3222	8
3224	8
3225	8
3226	8
3237	8
3238	8
3239	8
3240	8
3241	8
3242	8
3244	8
3245	8
3246	8
3258	8
3259	8
3260	8
3261	8
3262	8
3263	8
3264	8
3265	8
3266	8
3282	8
3286	8
3287	8
3304	8
3305	8
3306	8
3307	8
3308	8
3309	8
3310	8
3311	8
3312	8
3327	8
3328	8
3329	8
3330	8
3331	8
3332	8
3333	8
3334	8
3335	8
3336	8
3356	8
3357	8
3358	8
3359	8
3360	8
3361	8
3362	8
1381	6
1382	6
1383	6
1390	6
1391	6
1392	6
1393	6
1394	6
1395	6
1396	6
1397	6
1398	6
1399	6
1400	6
1401	6
1406	6
1407	6
1408	6
1409	6
1410	6
1412	6
1414	6
1415	6
1425	6
1430	6
1431	6
1443	6
1444	6
1445	6
1446	6
1560	6
1561	6
1562	6
1563	6
1564	6
1565	6
1566	6
1567	6
1568	6
1594	6
1595	6
1596	6
1597	6
1598	6
1599	6
1619	6
1621	6
1622	6
1623	6
1624	6
1625	6
1626	6
1627	6
1628	6
1629	6
1630	6
1631	6
1652	6
1653	6
1654	6
1657	6
1658	6
1660	6
1661	6
1662	6
1663	6
1683	6
1684	6
1685	6
1686	6
1687	6
1688	6
1704	6
1705	6
1706	6
1711	6
1712	6
1713	6
1714	6
1715	6
1716	6
1734	6
1735	6
1736	6
1737	6
1738	6
1739	6
1740	6
1741	6
1742	6
1765	6
1766	6
1767	6
1768	6
1786	6
1787	6
1802	6
1806	6
1822	6
1823	6
1824	6
1825	6
1826	6
1827	6
1840	6
1841	6
1842	6
1843	6
1844	6
1845	6
1846	6
1847	6
1848	6
1849	6
1850	6
1851	6
1852	6
1865	6
1866	6
1867	6
1868	6
1869	6
1873	6
1887	6
1888	6
1889	6
1890	6
1892	6
1893	6
1913	6
1937	6
1940	6
1941	6
1942	6
1943	6
1458	26
1809	26
1829	26
1804	17
1805	17
1810	17
1821	17
1828	17
1914	17
1938	17
1939	17
1974	9
1975	9
1976	9
1977	9
1978	9
1979	9
1980	9
1981	9
2151	9
2152	9
2153	9
2154	9
2155	9
2176	9
2177	9
2178	9
2179	9
2297	9
2298	9
2299	9
2322	9
2323	9
2324	9
2325	9
2326	9
2327	9
2328	9
2329	9
2330	9
2331	9
2332	9
2604	9
2605	9
2606	9
2607	9
2608	9
2609	9
2610	9
2611	9
2612	9
2613	9
2614	9
2620	9
2621	9
2622	9
2623	9
2624	9
2625	9
2626	9
2627	9
2628	9
2629	9
2630	9
2631	9
2632	9
2633	9
2634	9
2635	9
2636	9
2637	9
2638	9
2639	9
2640	9
2641	9
2642	9
2643	9
2644	9
2645	9
2646	9
2647	9
2648	9
2649	9
2650	9
2651	9
2652	9
2653	9
2654	9
2655	9
2656	9
2657	9
2658	9
2659	9
2660	9
2661	9
2662	9
2663	9
2667	9
2668	9
2669	9
2670	9
2671	9
2672	9
2673	9
2674	9
2675	9
2676	9
2677	9
2678	9
2679	9
2680	9
2681	9
2682	9
2689	9
2690	9
2691	9
2692	9
2693	9
2694	9
2695	9
2696	9
2697	9
2698	9
2699	9
2700	9
2701	9
2702	9
2703	9
2704	9
2705	9
2706	9
2707	9
2708	9
2710	9
2711	9
2712	9
2713	9
2714	9
2715	9
2716	9
2717	9
2718	9
2719	9
2720	9
2721	9
2722	9
2723	9
2724	9
2725	9
2726	9
2727	9
2728	9
2729	9
2735	9
2736	9
2737	9
2738	9
2739	9
2740	9
2741	9
2742	9
2743	9
2744	9
2745	9
2746	9
2747	9
2748	9
2749	9
2750	9
2751	9
2754	9
2755	9
2756	9
2757	9
2758	9
2759	9
2760	9
2761	9
2762	9
2763	9
2766	9
2767	9
2768	9
2769	9
2770	9
2771	9
2772	9
2773	9
2775	9
2776	9
2777	9
2778	9
2779	9
2780	9
2790	9
2791	9
2792	9
2793	9
2794	9
2795	9
2796	9
2797	9
2798	9
2799	9
2800	9
2801	9
2802	9
2803	9
2804	9
2805	9
2806	9
2807	9
2808	9
2809	9
2810	9
2817	9
2823	9
2824	9
2825	9
2826	9
2827	9
2828	9
2829	9
2830	9
2831	9
2832	9
2833	9
2834	9
2835	9
2836	9
2837	9
2838	9
2839	9
2840	9
2841	9
2842	9
2843	9
2844	9
2845	9
2846	9
2851	9
2854	9
2855	9
2856	9
2857	9
2858	9
2859	9
2869	9
2870	9
2871	9
2872	9
2873	9
2874	9
2875	9
2876	9
2877	9
2878	9
2879	9
2880	9
2881	9
2883	9
2884	9
2885	9
2886	9
2887	9
2888	9
2898	9
2899	9
2900	9
2901	9
2902	9
2903	9
2904	9
2905	9
2906	9
2907	9
2908	9
2909	9
2910	9
2911	9
2912	9
2913	9
2914	9
2915	9
2916	9
2917	9
2918	9
2919	9
2920	9
2921	9
2922	9
2933	9
2935	9
2936	9
2937	9
2938	9
2939	9
2940	9
2941	9
2942	9
2943	9
2944	9
2945	9
2946	9
2947	9
2948	9
2949	9
2950	9
2951	9
2952	9
2953	9
2954	9
2961	9
2962	9
2963	9
2964	9
2965	9
2966	9
2967	9
2968	9
2969	9
2970	9
2971	9
2972	9
2973	9
2974	9
2975	9
2976	9
2977	9
2978	9
2979	9
2980	9
2984	9
2985	9
2986	9
2987	9
2988	9
2989	9
2990	9
2991	9
2992	9
2993	9
2994	9
2995	9
2996	9
2997	9
2998	9
2999	9
3000	9
3001	9
3002	9
3003	9
3004	9
3005	9
3013	9
3014	9
3015	9
3016	9
3017	9
3018	9
3019	9
3020	9
3021	9
3022	9
3033	9
3034	9
3035	9
3036	9
3037	9
3038	9
3039	9
3040	9
3041	9
3042	9
3043	9
3044	9
3045	9
3046	9
3052	9
3053	9
3054	9
3055	9
3056	9
3057	9
3058	9
3059	9
3060	9
3061	9
3062	9
3072	9
3073	9
3074	9
3075	9
3076	9
3077	9
3078	9
3094	9
3095	9
3096	9
3097	9
3098	9
3099	9
3100	9
3101	9
3102	9
3118	9
3119	9
3120	9
3138	9
3139	9
3140	9
3141	9
3142	9
3156	9
3157	9
3158	9
3159	9
3160	9
3161	9
3180	9
3181	9
3182	9
3183	9
3184	9
3185	9
3204	9
3205	9
3206	9
3207	9
3208	9
3221	9
3223	9
3227	9
3228	9
3229	9
3247	9
3248	9
3249	9
3250	9
3251	9
3269	9
3270	9
3271	9
3272	9
3273	9
3274	9
3275	9
3276	9
3288	9
3289	9
3290	9
3291	9
3292	9
3293	9
3294	9
3295	9
3296	9
3297	9
3298	9
3299	9
3313	9
3314	9
3315	9
3316	9
3317	9
3318	9
3319	9
3320	9
3321	9
3323	9
3337	9
3338	9
3339	9
3340	9
3341	9
3342	9
3343	9
3344	9
3345	9
3346	9
3347	9
3348	9
3349	9
3350	9
3351	9
3363	9
3364	9
3365	9
3366	9
3367	9
3368	9
3369	9
3370	9
3371	9
3372	9
3373	9
3374	9
3375	9
3522	9
3523	9
3524	9
3536	9
3537	9
3538	9
3539	9
3540	9
3541	9
3547	9
3548	9
3549	9
3550	9
3551	9
3552	9
3553	9
3554	9
3555	9
3556	9
3557	9
3558	9
3559	9
3560	9
3561	9
3567	9
3568	9
3569	9
3570	9
3571	9
3572	9
3573	9
3574	9
3575	9
3576	9
3577	9
3578	9
3579	9
3580	9
3581	9
3591	9
3592	9
3593	9
3594	9
3595	9
3596	9
3597	9
3598	9
3599	9
3600	9
3601	9
3602	9
3603	9
3619	9
3620	9
3621	9
3622	9
3623	9
3624	9
3625	9
3637	9
3638	9
3639	9
3640	9
3641	9
3642	9
3643	9
3644	9
3661	9
3662	9
3663	9
3664	9
3665	9
3666	9
3667	9
3668	9
3679	9
3680	9
3681	9
3682	9
3683	9
3684	9
3696	9
3697	9
3698	9
3699	9
3700	9
3711	9
3712	9
3713	9
3714	9
3715	9
3732	9
3733	9
3734	9
3735	9
3736	9
3752	9
3753	9
3754	9
3755	9
3756	9
3757	9
3768	9
3769	9
3770	9
3771	9
3772	9
3799	9
2007	19
2008	19
2009	19
2040	19
2174	19
2175	19
2229	19
2248	19
2373	19
2374	19
2375	19
2392	19
2395	19
2415	19
2416	19
2765	19
2958	19
2959	19
2960	19
3110	19
3283	19
3284	19
3285	19
3324	19
3325	19
2456	18
3516	10
3517	10
3526	10
3527	10
3528	10
3529	10
3530	10
3531	10
3532	10
3533	10
3534	10
3535	10
3542	10
3543	10
3544	10
3545	10
3628	10
3629	10
3630	10
3650	10
3651	10
3669	10
3674	10
3675	10
3689	10
3690	10
3691	10
3705	10
3722	10
3723	10
3741	10
3743	10
3744	10
3745	10
3746	10
3747	10
3758	10
3759	10
3760	10
3776	10
3777	10
3786	10
3787	10
3788	10
3789	10
3794	10
3795	10
3796	10
3797	10
3798	10
3801	10
3802	10
3803	10
3804	10
3805	10
3518	29
3546	29
3562	29
3563	29
3564	29
3565	29
3566	29
3582	29
3583	29
3584	29
3585	29
3586	29
3587	29
3604	29
3605	29
3606	29
3607	29
3608	29
3609	29
3610	29
3611	29
3612	29
3613	29
3626	29
3627	29
3645	29
3646	29
3647	29
3648	29
3649	29
3670	29
3671	29
3673	29
3687	29
3688	29
3701	29
3702	29
3703	29
3716	29
3718	29
3719	29
3720	29
3721	29
3726	29
3727	29
3737	29
3738	29
3739	29
3740	29
3742	29
3762	29
3763	29
3773	29
3774	29
3775	29
3782	29
787	23
802	23
818	23
820	23
822	24
839	23
858	23
924	23
925	23
938	23
1092	22
2035	27
2036	27
2059	27
1808	26
1983	27
1984	27
2006	27
2122	27
2458	27
2461	27
2495	27
0	20
2	20
4	11
16	20
2033	27
18	20
19	20
2034	27
28	20
31	0
32	0
35	0
63	0
79	0
86	0
87	0
88	0
89	0
93	20
94	20
95	20
96	20
106	0
108	20
2193	28
2194	28
2195	28
2197	28
116	0
118	0
121	0
123	0
2209	27
135	20
136	20
142	11
144	20
145	20
146	20
2228	28
149	20
199	0
200	0
2295	8
2296	8
2302	7
231	0
236	0
266	0
268	0
271	0
279	0
280	11
281	20
282	11
283	20
285	11
2372	28
290	11
293	20
297	20
300	20
308	11
309	0
2397	7
2398	7
312	20
313	20
2399	7
2400	7
320	0
322	0
327	0
2417	8
332	0
334	20
338	0
342	11
343	20
344	20
345	20
346	20
351	20
2444	27
2459	27
2460	27
2467	27
377	0
378	0
379	0
380	0
2472	27
382	0
383	0
384	0
385	0
386	0
387	0
388	20
2476	18
2480	27
2481	27
2492	27
2493	27
2494	27
2509	27
2510	27
419	0
422	0
423	20
424	11
2525	27
2526	27
2530	19
440	0
441	0
459	0
460	0
463	0
464	0
469	0
471	0
2570	28
2571	28
476	0
2575	28
2576	28
486	0
487	20
490	0
497	0
500	0
504	0
505	0
507	0
508	0
509	0
511	0
513	0
514	0
515	0
520	0
522	0
523	11
524	11
528	20
529	20
530	0
531	20
533	0
534	0
538	0
539	0
543	0
546	0
547	0
549	0
550	0
552	0
553	0
554	0
555	0
557	0
558	0
560	0
566	0
568	0
571	11
572	20
573	20
574	20
575	20
576	20
577	20
580	20
581	20
582	11
584	20
589	0
590	0
2686	28
592	1
594	12
597	1
598	12
600	21
603	1
605	12
606	1
607	12
608	1
609	1
612	0
615	0
619	0
620	0
621	0
622	0
624	1
625	1
626	11
629	1
630	1
632	1
635	1
638	1
641	0
644	0
647	1
649	1
651	21
2752	19
657	12
2753	19
659	1
660	1
661	1
663	1
664	1
665	1
666	21
667	12
668	1
674	1
675	1
676	21
678	12
679	1
681	12
685	4
686	4
687	4
714	4
715	14
717	23
718	23
719	23
2820	8
731	3
733	3
735	23
736	23
737	23
738	23
753	3
754	14
755	14
756	23
757	23
2853	8
760	23
761	23
762	23
763	23
764	23
765	23
772	22
775	13
782	23
783	23
784	23
785	23
786	23
2882	8
790	24
791	24
795	22
796	22
797	3
798	23
799	23
800	23
801	23
807	4
808	22
809	23
811	2
812	2
817	23
819	23
821	23
825	24
826	24
827	24
828	2
833	2
836	23
837	23
838	23
840	23
841	23
843	24
847	2
852	2
854	23
855	23
856	14
859	4
860	24
866	2
867	3
868	3
869	2
870	3
873	3
874	14
877	14
878	14
882	4
883	4
886	4
893	3
895	3
896	14
897	14
907	3
908	3
909	3
911	3
914	23
915	23
917	15
919	4
3012	28
926	23
927	23
928	23
929	23
930	3
944	23
945	23
949	3
954	4
957	23
958	23
959	23
960	23
962	3
3049	19
966	3
968	3
969	3
974	24
975	25
3063	28
986	2
990	2
991	2
3080	28
995	2
996	1
997	1
998	2
999	13
3081	28
1001	2
1002	13
3082	28
1004	13
1005	13
1006	13
3084	28
3086	28
3093	8
1012	2
1015	21
1023	13
1025	22
1026	22
1027	22
1029	13
1035	2
1038	2
1039	2
1040	1
1041	1
1042	1
1043	1
1044	1
1047	2
1053	13
1057	13
1058	22
1059	22
1060	22
1063	22
1064	22
1065	1
1066	1
1067	1
1069	13
1072	2
1074	2
1076	21
1078	12
1084	1
1086	22
1091	22
1093	2
1094	2
1095	2
1096	2
1097	1
1101	12
1104	1
1106	1
1107	1
1108	2
1109	1
1111	22
1113	2
1114	2
1115	2
1122	1
1123	1
1128	1
1131	1
1132	1
1133	21
1135	2
1137	2
1138	2
3083	28
1141	2
1146	1
1147	1
1153	2
1155	2
1156	2
3243	8
1160	2
1161	2
1163	1
1165	1
1172	12
1173	1
1175	21
1179	21
1181	2
3267	8
3268	8
1184	2
1185	2
1190	22
1194	1
1195	1
1196	12
1198	12
1199	12
1201	12
1206	22
1207	22
1208	22
1209	1
1210	1
1216	13
1218	13
1220	13
1222	13
1223	22
1225	2
1226	22
1228	1
1229	1
3322	9
1248	2
1250	2
1253	21
1263	2
1265	12
1268	22
1269	22
1272	22
1275	13
1280	2
1284	1
1285	1
1288	12
1296	2
1298	21
1302	12
1307	2
1308	22
1309	2
1318	2
1324	21
1327	2
1329	2
1330	22
1341	27
1342	27
3426	20
1346	18
3434	20
1352	27
3437	20
3438	20
3442	20
3443	20
1363	18
3444	20
3445	20
3446	20
3447	20
1375	7
3455	0
3459	20
3461	20
1388	27
3473	20
3476	0
3486	27
3487	0
1413	6
1416	27
1419	27
1420	27
1421	27
1422	27
3515	0
1439	27
1440	27
3519	29
3520	28
1449	18
1451	18
1453	27
1454	27
1457	18
1459	26
1460	26
1461	26
1462	27
1464	27
1466	27
1467	27
1479	27
1488	27
1494	26
1495	26
1496	27
1505	18
1507	27
1513	18
1527	18
1528	27
1529	27
1577	6
1579	6
3652	29
3653	29
3654	29
3655	29
1587	5
1593	5
3672	29
3685	10
3686	10
1617	5
3704	29
3717	29
3724	29
3725	29
3728	28
1672	5
3750	28
1679	5
1682	5
3761	10
3779	28
3781	28
3783	10
3784	29
3785	29
3790	28
3793	28
1728	16
3800	28
1753	16
1770	6
1800	25
1801	25
1803	16
1817	16
1871	6
1872	6
1877	7
1891	6
1894	6
1912	6
1982	27
1985	27
2004	27
2005	27
787	23
802	23
818	23
820	23
822	24
839	23
858	23
924	23
925	23
938	23
1092	22
2035	27
2036	27
2059	27
1808	26
1983	27
1984	27
2006	27
2122	27
2458	27
2461	27
2495	27
0	20
2	20
4	11
16	20
2033	27
18	20
19	20
2034	27
28	20
31	0
32	0
35	0
63	0
79	0
86	0
87	0
88	0
89	0
93	20
94	20
95	20
96	20
106	0
108	20
2193	28
2194	28
2195	28
2197	28
116	0
118	0
121	0
123	0
2209	27
135	20
136	20
142	11
144	20
145	20
146	20
2228	28
149	20
199	0
200	0
2295	8
2296	8
2302	7
231	0
236	0
266	0
268	0
271	0
279	0
280	11
281	20
282	11
283	20
285	11
2372	28
290	11
293	20
297	20
300	20
308	11
309	0
2397	7
2398	7
312	20
313	20
2399	7
2400	7
320	0
322	0
327	0
2417	8
332	0
334	20
338	0
342	11
343	20
344	20
345	20
346	20
351	20
2444	27
2459	27
2460	27
2467	27
377	0
378	0
379	0
380	0
2472	27
382	0
383	0
384	0
385	0
386	0
387	0
388	20
2476	18
2480	27
2481	27
2492	27
2493	27
2494	27
2509	27
2510	27
419	0
422	0
423	20
424	11
2525	27
2526	27
2530	19
440	0
441	0
459	0
460	0
463	0
464	0
469	0
471	0
2570	28
2571	28
476	0
2575	28
2576	28
486	0
487	20
490	0
497	0
500	0
504	0
505	0
507	0
508	0
509	0
511	0
513	0
514	0
515	0
520	0
522	0
523	11
524	11
528	20
529	20
530	0
531	20
533	0
534	0
538	0
539	0
543	0
546	0
547	0
549	0
550	0
552	0
553	0
554	0
555	0
557	0
558	0
560	0
566	0
568	0
571	11
572	20
573	20
574	20
575	20
576	20
577	20
580	20
581	20
582	11
584	20
589	0
590	0
2686	28
592	1
594	12
597	1
598	12
600	21
603	1
605	12
606	1
607	12
608	1
609	1
612	0
615	0
619	0
620	0
621	0
622	0
624	1
625	1
626	11
629	1
630	1
632	1
635	1
638	1
641	0
644	0
647	1
649	1
651	21
2752	19
657	12
2753	19
659	1
660	1
661	1
663	1
664	1
665	1
666	21
667	12
668	1
674	1
675	1
676	21
678	12
679	1
681	12
685	4
686	4
687	4
714	4
715	14
717	23
718	23
719	23
2820	8
731	3
733	3
735	23
736	23
737	23
738	23
753	3
754	14
755	14
756	23
757	23
2853	8
760	23
761	23
762	23
763	23
764	23
765	23
772	22
775	13
782	23
783	23
784	23
785	23
786	23
2882	8
790	24
791	24
795	22
796	22
797	3
798	23
799	23
800	23
801	23
807	4
808	22
809	23
811	2
812	2
817	23
819	23
821	23
825	24
826	24
827	24
828	2
833	2
836	23
837	23
838	23
840	23
841	23
843	24
847	2
852	2
854	23
855	23
856	14
859	4
860	24
866	2
867	3
868	3
869	2
870	3
873	3
874	14
877	14
878	14
882	4
883	4
886	4
893	3
895	3
896	14
897	14
907	3
908	3
909	3
911	3
914	23
915	23
917	15
919	4
3012	28
926	23
927	23
928	23
929	23
930	3
944	23
945	23
949	3
954	4
957	23
958	23
959	23
960	23
962	3
3049	19
966	3
968	3
969	3
974	24
975	25
3063	28
986	2
990	2
991	2
3080	28
995	2
996	1
997	1
998	2
999	13
3081	28
1001	2
1002	13
3082	28
1004	13
1005	13
1006	13
3084	28
3086	28
3093	8
1012	2
1015	21
1023	13
1025	22
1026	22
1027	22
1029	13
1035	2
1038	2
1039	2
1040	1
1041	1
1042	1
1043	1
1044	1
1047	2
1053	13
1057	13
1058	22
1059	22
1060	22
1063	22
1064	22
1065	1
1066	1
1067	1
1069	13
1072	2
1074	2
1076	21
1078	12
1084	1
1086	22
1091	22
1093	2
1094	2
1095	2
1096	2
1097	1
1101	12
1104	1
1106	1
1107	1
1108	2
1109	1
1111	22
1113	2
1114	2
1115	2
1122	1
1123	1
1128	1
1131	1
1132	1
1133	21
1135	2
1137	2
1138	2
3083	28
1141	2
1146	1
1147	1
1153	2
1155	2
1156	2
3243	8
1160	2
1161	2
1163	1
1165	1
1172	12
1173	1
1175	21
1179	21
1181	2
3267	8
3268	8
1184	2
1185	2
1190	22
1194	1
1195	1
1196	12
1198	12
1199	12
1201	12
1206	22
1207	22
1208	22
1209	1
1210	1
1216	13
1218	13
1220	13
1222	13
1223	22
1225	2
1226	22
1228	1
1229	1
3322	9
1248	2
1250	2
1253	21
1263	2
1265	12
1268	22
1269	22
1272	22
1275	13
1280	2
1284	1
1285	1
1288	12
1296	2
1298	21
1302	12
1307	2
1308	22
1309	2
1318	2
1324	21
1327	2
1329	2
1330	22
1341	27
1342	27
3426	20
1346	18
3434	20
1352	27
3437	20
3438	20
3442	20
3443	20
1363	18
3444	20
3445	20
3446	20
3447	20
1375	7
3455	0
3459	20
3461	20
1388	27
3473	20
3476	0
3486	27
3487	0
1413	6
1416	27
1419	27
1420	27
1421	27
1422	27
3515	0
1439	27
1440	27
3519	29
3520	28
1449	18
1451	18
1453	27
1454	27
1457	18
1459	26
1460	26
1461	26
1462	27
1464	27
1466	27
1467	27
1479	27
1488	27
1494	26
1495	26
1496	27
1505	18
1507	27
1513	18
1527	18
1528	27
1529	27
1577	6
1579	6
3652	29
3653	29
3654	29
3655	29
1587	5
1593	5
3672	29
3685	10
3686	10
1617	5
3704	29
3717	29
3724	29
3725	29
3728	28
1672	5
3750	28
1679	5
1682	5
3761	10
3779	28
3781	28
3783	10
3784	29
3785	29
3790	28
3793	28
1728	16
3800	28
1753	16
1770	6
1800	25
1801	25
1803	16
1817	16
1871	6
1872	6
1877	7
1891	6
1894	6
1912	6
1982	27
1985	27
2004	27
2005	27
